62.277300 10.369700 -0.847167 0
62.079736 10.596898 -0.856114 0
61.882412 10.824307 -0.856114 0
61.685089 11.051715 -0.856114 0
61.487766 11.279124 -0.856114 0
61.290442 11.506533 -0.856114 0
61.093119 11.733942 -0.856114 0
60.895796 11.961350 -0.856114 0
60.698473 12.188759 -0.856114 0
60.501149 12.416168 -0.856114 0
60.303826 12.643576 -0.856114 0
60.106503 12.870985 -0.856114 0
59.909180 13.098394 -0.856114 0
59.711856 13.325802 -0.856114 0
59.514533 13.553211 -0.856114 0
59.317210 13.780620 -0.856114 0
59.119887 14.008028 -0.856114 0
58.922563 14.235437 -0.856114 0
58.725240 14.462846 -0.856114 0
58.527917 14.690254 -0.856114 0
58.330593 14.917663 -0.856114 0
58.133270 15.145072 -0.856114 0
57.935947 15.372480 -0.856114 0
57.738624 15.599889 -0.856114 0
57.541300 15.827298 -0.856114 0
57.343977 16.054706 -0.856114 0
57.146654 16.282115 -0.856114 0
56.949331 16.509524 -0.856114 0
56.752007 16.736932 -0.856114 0
56.554684 16.964341 -0.856114 0
56.357361 17.191750 -0.856114 0
56.160038 17.419158 -0.856114 0
55.962714 17.646567 -0.856114 0
55.765391 17.873976 -0.856114 0
55.568068 18.101385 -0.856114 0
55.370745 18.328793 -0.856114 0
55.173421 18.556202 -0.856114 0
54.976098 18.783611 -0.856114 0
54.778775 19.011019 -0.856114 0
54.581451 19.238428 -0.856114 0
54.384128 19.465837 -0.856114 0
54.186805 19.693245 -0.856114 0
53.989482 19.920654 -0.856114 0
53.792158 20.148063 -0.856114 0
53.594835 20.375471 -0.856114 0
53.397512 20.602880 -0.856114 0
53.200189 20.830289 -0.856114 0
53.002865 21.057697 -0.856114 0
52.805542 21.285106 -0.856114 0
52.608219 21.512515 -0.856114 0
52.410934 21.739956 -0.859657 0
52.218756 21.971706 -0.897292 0
52.035038 22.211059 -0.935011 0
51.860478 22.457169 -0.972730 0
51.695322 22.709686 -1.010448 0
51.539806 22.968252 -1.048167 0
51.394152 23.232499 -1.085885 0
51.258565 23.502050 -1.123604 0
51.133240 23.776522 -1.161323 0
51.018354 24.055526 -1.199041 0
50.914070 24.338663 -1.236760 0
50.820538 24.625531 -1.274478 0
50.737890 24.915722 -1.312197 0
50.666244 25.208823 -1.349916 0
50.605702 25.504418 -1.387634 0
50.556350 25.802085 -1.425353 0
50.514447 26.100910 -1.432078 0
50.472723 26.399760 -1.432078 0
50.430999 26.698610 -1.432078 0
50.389274 26.997461 -1.432078 0
50.347550 27.296311 -1.432078 0
50.305826 27.595161 -1.432078 0
50.264102 27.894011 -1.432078 0
50.222378 28.192862 -1.432078 0
50.180654 28.491712 -1.432078 0
50.138930 28.790562 -1.432078 0
50.097206 29.089412 -1.432078 0
50.055482 29.388262 -1.432078 0
50.013758 29.687113 -1.432078 0
49.972034 29.985963 -1.432078 0
49.930310 30.284813 -1.432078 0
49.888586 30.583663 -1.432078 0
49.846862 30.882513 -1.432078 0
49.805138 31.181364 -1.432078 0
49.763414 31.480214 -1.432078 0
49.721690 31.779064 -1.432078 0
49.679966 32.077914 -1.432078 0
49.638242 32.376765 -1.432078 0
49.596518 32.675615 -1.432078 0
49.554794 32.974465 -1.432078 0
49.513070 33.273315 -1.432078 0
49.471346 33.572165 -1.432078 0
49.429622 33.871016 -1.432078 0
49.387898 34.169866 -1.432078 0
49.346174 34.468716 -1.432078 0
49.304450 34.767566 -1.432078 0
49.262726 35.066417 -1.432078 0
49.221002 35.365267 -1.432078 0
49.179278 35.664117 -1.432078 0
49.137554 35.962967 -1.432078 0
49.095830 36.261817 -1.432078 0
49.054106 36.560668 -1.432078 0
49.012382 36.859518 -1.432078 0
48.970658 37.158368 -1.432078 0
48.928934 37.457218 -1.432078 0
48.887210 37.756068 -1.432078 0
48.845486 38.054919 -1.432078 0
48.803762 38.353769 -1.432078 0
48.762038 38.652619 -1.432078 0
48.720314 38.951469 -1.432078 0
48.678590 39.250320 -1.432078 0
48.636866 39.549170 -1.432078 0
48.595142 39.848020 -1.432078 0
48.553418 40.146870 -1.432078 0
48.511694 40.445720 -1.432078 0
48.469970 40.744571 -1.432078 0
48.429994 41.043652 -1.453074 0
48.400399 41.341591 -1.490502 0
48.381973 41.640428 -1.527929 0
48.371497 41.939666 -1.536868 0
48.361340 42.238915 -1.536868 0
48.351183 42.538165 -1.536868 0
48.341026 42.837415 -1.536868 0
48.330869 43.136665 -1.536868 0
48.320712 43.435914 -1.536868 0
48.310555 43.735164 -1.536868 0
48.300398 44.034414 -1.536868 0
48.290241 44.333663 -1.536868 0
48.280084 44.632913 -1.536868 0
48.269927 44.932163 -1.536868 0
48.259770 45.231412 -1.536868 0
48.249613 45.530662 -1.536868 0
48.239456 45.829912 -1.536868 0
48.229299 46.129162 -1.536868 0
48.219142 46.428411 -1.536868 0
48.208985 46.727661 -1.536868 0
48.198828 47.026911 -1.536868 0
48.188671 47.326160 -1.536868 0
48.178514 47.625410 -1.536868 0
48.168357 47.924660 -1.536868 0
48.158200 48.223910 -1.536868 0
48.148043 48.523159 -1.536868 0
48.137886 48.822409 -1.536868 0
48.127729 49.121659 -1.536868 0
48.117572 49.420908 -1.536868 0
48.107415 49.720158 -1.536868 0
48.097258 50.019408 -1.536868 0
48.087101 50.318658 -1.536868 0
48.076944 50.617907 -1.536868 0
48.066787 50.917157 -1.536868 0
48.056630 51.216407 -1.536868 0
48.046473 51.515656 -1.536868 0
48.036316 51.814906 -1.536868 0
48.026159 52.114156 -1.536868 0
48.016002 52.413406 -1.536868 0
48.005845 52.712655 -1.536868 0
47.995688 53.011905 -1.536868 0
47.985531 53.311155 -1.536868 0
47.975375 53.610404 -1.536868 0
47.965218 53.909654 -1.536868 0
47.955061 54.208904 -1.536868 0
47.944904 54.508154 -1.536868 0
47.934747 54.807403 -1.536868 0
47.924590 55.106653 -1.536868 0
47.914433 55.405903 -1.536868 0
47.904276 55.705152 -1.536868 0
47.894119 56.004402 -1.536868 0
47.883962 56.303652 -1.536868 0
47.873805 56.602902 -1.536868 0
47.863648 56.902151 -1.536868 0
47.853491 57.201401 -1.536868 0
47.843334 57.500651 -1.536868 0
47.833177 57.799900 -1.536868 0
47.823020 58.099150 -1.536868 0
47.812863 58.398400 -1.536868 0
47.802706 58.697649 -1.536868 0
47.792549 58.996899 -1.536868 0
47.782392 59.296149 -1.536868 0
47.772235 59.595399 -1.536868 0
47.762078 59.894648 -1.536868 0
47.751921 60.193898 -1.536868 0
47.741764 60.493148 -1.536868 0
47.731607 60.792397 -1.536868 0
47.721450 61.091647 -1.536868 0
47.711293 61.390897 -1.536868 0
47.701136 61.690147 -1.536868 0
47.690979 61.989396 -1.536868 0
47.680822 62.288646 -1.536868 0
47.670665 62.587896 -1.536868 0
47.660508 62.887145 -1.536868 0
47.650351 63.186395 -1.536868 0
47.640194 63.485645 -1.536868 0
47.630037 63.784895 -1.536868 0
47.619880 64.084144 -1.536868 0
47.609723 64.383394 -1.536868 0
47.599566 64.682644 -1.536868 0
47.589409 64.981893 -1.536868 0
47.579252 65.281143 -1.536868 0
47.569095 65.580393 -1.536868 0
47.558938 65.879643 -1.536868 0
47.548781 66.178892 -1.536868 0
47.538624 66.478142 -1.536868 0
47.528467 66.777392 -1.536868 0
47.518311 67.076641 -1.536868 0
47.508154 67.375891 -1.536868 0
47.497997 67.675141 -1.536868 0
47.487840 67.974391 -1.536868 0
47.477683 68.273640 -1.536868 0
47.467526 68.572890 -1.536868 0
47.457369 68.872140 -1.536868 0
47.447212 69.171389 -1.536868 0
47.437055 69.470639 -1.536868 0
47.426898 69.769889 -1.536868 0
47.416741 70.069138 -1.536868 0
47.406584 70.368388 -1.536868 0
47.396427 70.667638 -1.536868 0
47.386270 70.966888 -1.536868 0
47.376113 71.266137 -1.536868 0
47.365956 71.565387 -1.536868 0
47.355799 71.864637 -1.536868 0
47.345642 72.163886 -1.536868 0
47.335485 72.463136 -1.536868 0
47.325328 72.762386 -1.536868 0
47.315171 73.061636 -1.536868 0
47.305998 73.360914 -1.552557 0
47.294995 73.659057 -1.515261 0
47.272883 73.956583 -1.477966 0
47.239693 74.253078 -1.440670 0
47.195470 74.548129 -1.403375 0
47.140316 74.841333 -1.369219 0
47.080579 75.133656 -1.369219 0
47.020842 75.425978 -1.369219 0
46.961105 75.718301 -1.369219 0
46.901368 76.010623 -1.369219 0
46.841631 76.302946 -1.369219 0
46.781894 76.595268 -1.369219 0
46.722157 76.887591 -1.369219 0
46.663165 77.180062 -1.382994 0
46.612938 77.474150 -1.420289 0
46.573712 77.769907 -1.457585 0
46.545541 78.066920 -1.494880 0
46.528465 78.364778 -1.532176 0
46.522506 78.663065 -1.569471 0
46.527674 78.961367 -1.606767 0
46.543961 79.259268 -1.644062 0
46.571345 79.556355 -1.681358 0
46.609787 79.852215 -1.718653 0
46.659233 80.146435 -1.755948 0
46.719616 80.438607 -1.793244 0
46.790852 80.728325 -1.830539 0
46.872840 81.015185 -1.867835 0
46.965467 81.298788 -1.905130 0
47.068605 81.578740 -1.942426 0
47.182109 81.854652 -1.979721 0
47.305822 82.126140 -2.017017 0
47.439573 82.392826 -2.054312 0
47.583174 82.654340 -2.091608 0
47.736426 82.910317 -2.128903 0
47.899116 83.160402 -2.166199 0
48.071018 83.404247 -2.203494 0
48.251893 83.641513 -2.240790 0
48.441489 83.871869 -2.278085 0
48.639542 84.094996 -2.315381 0
48.845777 84.310583 -2.352676 0
49.059907 84.518330 -2.389972 0
49.281635 84.717948 -2.427267 0
49.510652 84.909160 -2.464563 0
49.746639 85.091700 -2.501858 0
49.989268 85.265314 -2.539153 0
50.238202 85.429760 -2.576449 0
50.493094 85.584809 -2.613744 0
50.753591 85.730247 -2.651040 0
51.019330 85.865871 -2.688335 0
51.289940 85.991491 -2.725631 0
51.565047 86.106935 -2.762926 0
51.844266 86.212039 -2.800222 0
52.127211 86.306660 -2.837517 0
52.413486 86.390665 -2.874813 0
52.702695 86.463937 -2.912108 0
52.847122 86.496990 -2.949404 0
52.553257 86.445474 -2.986699 0
52.257675 86.404951 -3.023995 0
51.960788 86.375478 -3.061290 0
51.663008 86.357095 -3.098586 0
51.364750 86.349829 -3.135881 0
51.066429 86.353688 3.110009 0
50.768459 86.368668 3.072713 0
50.471254 86.394748 3.035418 0
50.175229 86.431892 2.998122 0
49.880794 86.480048 2.960827 0
49.588360 86.539148 2.923531 0
49.298333 86.609112 2.886236 0
49.011116 86.689841 2.848940 0
48.727110 86.781224 2.811645 0
48.446708 86.883132 2.774349 0
48.170300 86.995425 2.737054 0
47.898273 87.117947 2.699759 0
47.631002 87.250526 2.662463 0
47.368861 87.392978 2.625168 0
47.112214 87.545106 2.587872 0
46.861418 87.706698 2.550577 0
46.616821 87.877529 2.513281 0
46.378765 88.057361 2.475986 0
46.147579 88.245945 2.438690 0
45.923586 88.443017 2.401395 0
45.707096 88.648305 2.364099 0
45.498412 88.861522 2.326804 0
45.297823 89.082372 2.289508 0
45.105608 89.310547 2.252213 0
44.922035 89.545731 2.214917 0
44.747359 89.787597 2.177622 0
44.581822 90.035807 2.140326 0
44.425656 90.290017 2.103031 0
44.279077 90.549873 2.065735 0
44.142289 90.815014 2.028440 0
44.006840 91.104477 1.988489 0
43.883059 91.399118 1.948538 0
43.770863 91.698366 1.920835 0
43.655292 91.996323 1.960786 0
43.527912 92.289426 2.000737 0
43.388928 92.577208 2.040688 0
43.238560 92.859209 2.080639 0
43.077049 93.134979 2.120590 0
42.904653 93.404078 2.160541 0
42.721646 93.666077 2.200491 0
42.528321 93.920558 2.240442 0
42.324986 94.167114 2.280393 0
42.111966 94.405352 2.320344 0
41.889601 94.634892 2.360295 0
41.658245 94.855367 2.400246 0
41.418268 95.066426 2.440197 0
41.170052 95.267733 2.480147 0
40.913995 95.458964 2.520098 0
40.650504 95.639816 2.560049 0
40.380000 95.810000 2.600000 0
