40.380000 95.810000 2.600000 0
40.635333 95.649765 2.562317 0
40.884447 95.480024 2.524634 0
41.126990 95.301018 2.486951 0
41.362617 95.113002 2.449268 0
41.590994 94.916243 2.411585 0
41.811795 94.711019 2.373902 0
42.024708 94.497622 2.336219 0
42.229431 94.276356 2.298535 0
42.425672 94.047533 2.260852 0
42.613153 93.811481 2.223169 0
42.791607 93.568532 2.185486 0
42.960783 93.319033 2.147803 0
43.120438 93.063337 2.110120 0
43.270347 92.801808 2.072437 0
43.410297 92.534817 2.034754 0
43.540089 92.262743 1.997071 0
43.659538 91.985973 1.959388 0
43.770341 91.705615 1.953319 0
43.888109 91.428125 1.991002 0
44.016247 91.155268 2.028685 0
44.154574 90.887433 2.066368 0
44.302893 90.624999 2.104051 0
44.460994 90.368339 2.141734 0
44.628652 90.117818 2.179417 0
44.805629 89.873791 2.217100 0
44.991674 89.636604 2.254784 0
45.186523 89.406596 2.292467 0
45.389898 89.184091 2.330150 0
45.601512 88.969406 2.367833 0
45.821064 88.762846 2.405516 0
46.048242 88.564704 2.443199 0
46.282724 88.375261 2.480882 0
46.524176 88.194787 2.518565 0
46.772256 88.023537 2.556248 0
47.026612 87.861756 2.593931 0
47.286882 87.709671 2.631614 0
47.552696 87.567500 2.669297 0
47.823679 87.435445 2.706980 0
48.099444 87.313692 2.744663 0
48.379600 87.202415 2.782346 0
48.663750 87.101771 2.820030 0
48.951489 87.011904 2.857713 0
49.242410 86.932941 2.895396 0
49.536099 86.864994 2.933079 0
49.832140 86.808161 2.970762 0
50.130111 86.762520 3.008445 0
50.429591 86.728138 3.046128 0
50.730153 86.705063 3.083811 0
51.031371 86.693327 3.121494 0
51.332818 86.692948 -3.124008 0
51.634064 86.703926 -3.086325 0
51.934684 86.726246 -3.048642 0
52.234249 86.759875 -3.010959 0
52.532334 86.804766 -2.973276 0
52.828517 86.860856 -2.935593 0
52.973282 86.891754 -2.897910 0
52.682163 86.813522 -2.860227 0
52.394199 86.724379 -2.822544 0
52.109797 86.624450 -2.784861 0
51.829362 86.513878 -2.747178 0
51.553292 86.392819 -2.709494 0
51.281978 86.261445 -2.671811 0
51.015807 86.119942 -2.634128 0
50.755155 85.968513 -2.596445 0
50.500394 85.807371 -2.558762 0
50.251884 85.636746 -2.521079 0
50.009979 85.456879 -2.483396 0
49.775022 85.268027 -2.445713 0
49.548786 85.071754 -2.408272 0
49.330056 84.867150 -2.370831 0
49.119138 84.654502 -2.333391 0
48.916327 84.434108 -2.295950 0
48.721908 84.206277 -2.258509 0
48.536154 83.971328 -2.221068 0
48.359325 83.729591 -2.183627 0
48.191668 83.481404 -2.146187 0
48.033419 83.227115 -2.108746 0
47.884799 82.967080 -2.071305 0
47.746018 82.701665 -2.033864 0
47.617268 82.431241 -1.996423 0
47.498731 82.156187 -1.958982 0
47.390573 81.876889 -1.921542 0
47.292946 81.593738 -1.884101 0
47.205986 81.307131 -1.846660 0
47.129815 81.017470 -1.809219 0
47.064540 80.725160 -1.771778 0
47.010253 80.430612 -1.734338 0
46.967029 80.134238 -1.696897 0
46.934930 79.836454 -1.659456 0
46.914000 79.537678 -1.622015 0
46.904268 79.238327 -1.584574 0
46.905748 78.938822 -1.547134 0
46.917596 78.639538 -1.524210 0
46.931545 78.340337 -1.524210 0
46.945494 78.041135 -1.524210 0
46.959443 77.741934 -1.524210 0
46.973392 77.442732 -1.524210 0
46.987341 77.143531 -1.524210 0
47.001289 76.844329 -1.524210 0
47.015238 76.545128 -1.524210 0
47.029187 76.245926 -1.524210 0
47.043136 75.946725 -1.524210 0
47.057085 75.647523 -1.524210 0
47.071033 75.348322 -1.524210 0
47.084982 75.049120 -1.524210 0
47.098931 74.749919 -1.524210 0
47.112880 74.450717 -1.524210 0
47.126829 74.151516 -1.524210 0
47.140777 73.852314 -1.524210 0
47.154726 73.553113 -1.524210 0
47.168675 73.253911 -1.524210 0
47.182624 72.954710 -1.524210 0
47.196573 72.655508 -1.524210 0
47.210522 72.356307 -1.524210 0
47.224470 72.057105 -1.524210 0
47.238419 71.757904 -1.524210 0
47.252368 71.458702 -1.524210 0
47.266317 71.159500 -1.524210 0
47.280266 70.860299 -1.524210 0
47.294214 70.561097 -1.524210 0
47.308163 70.261896 -1.524210 0
47.322112 69.962694 -1.524210 0
47.336061 69.663493 -1.524210 0
47.350010 69.364291 -1.524210 0
47.363959 69.065090 -1.524210 0
47.377907 68.765888 -1.524210 0
47.391856 68.466687 -1.524210 0
47.405805 68.167485 -1.524210 0
47.419754 67.868284 -1.524210 0
47.433703 67.569082 -1.524210 0
47.447651 67.269881 -1.524210 0
47.461600 66.970679 -1.524210 0
47.475549 66.671478 -1.524210 0
47.489498 66.372276 -1.524210 0
47.503447 66.073075 -1.524210 0
47.517395 65.773873 -1.524210 0
47.531344 65.474672 -1.524210 0
47.545293 65.175470 -1.524210 0
47.559242 64.876269 -1.524210 0
47.573191 64.577067 -1.524210 0
47.587140 64.277866 -1.524210 0
47.601088 63.978664 -1.524210 0
47.615037 63.679463 -1.524210 0
47.628986 63.380261 -1.524210 0
47.642935 63.081060 -1.524210 0
47.656884 62.781858 -1.524210 0
47.670832 62.482657 -1.524210 0
47.684781 62.183455 -1.524210 0
47.698730 61.884254 -1.524210 0
47.712679 61.585052 -1.524210 0
47.726628 61.285851 -1.524210 0
47.740577 60.986649 -1.524210 0
47.754525 60.687448 -1.524210 0
47.768474 60.388246 -1.524210 0
47.782423 60.089045 -1.524210 0
47.796372 59.789843 -1.524210 0
47.810321 59.490642 -1.524210 0
47.824269 59.191440 -1.524210 0
47.838218 58.892239 -1.524210 0
47.852167 58.593037 -1.524210 0
47.866116 58.293836 -1.524210 0
47.880065 57.994634 -1.524210 0
47.894013 57.695433 -1.524210 0
47.907962 57.396231 -1.524210 0
47.921911 57.097030 -1.524210 0
47.935860 56.797828 -1.524210 0
47.949809 56.498627 -1.524210 0
47.963758 56.199425 -1.524210 0
47.977706 55.900224 -1.524210 0
47.991655 55.601022 -1.524210 0
48.005604 55.301821 -1.524210 0
48.019553 55.002619 -1.524210 0
48.033502 54.703418 -1.524210 0
48.047450 54.404216 -1.524210 0
48.061399 54.105015 -1.524210 0
48.075348 53.805813 -1.524210 0
48.089297 53.506611 -1.524210 0
48.103246 53.207410 -1.524210 0
48.117195 52.908208 -1.524210 0
48.131143 52.609007 -1.524210 0
48.145092 52.309805 -1.524210 0
48.159041 52.010604 -1.524210 0
48.172990 51.711402 -1.524210 0
48.186939 51.412201 -1.524210 0
48.200887 51.112999 -1.524210 0
48.214836 50.813798 -1.524210 0
48.228785 50.514596 -1.524210 0
48.242734 50.215395 -1.524210 0
48.256683 49.916193 -1.524210 0
48.270631 49.616992 -1.524210 0
48.284580 49.317790 -1.524210 0
48.298529 49.018589 -1.524210 0
48.312478 48.719387 -1.524210 0
48.326427 48.420186 -1.524210 0
48.340376 48.120984 -1.524210 0
48.354324 47.821783 -1.524210 0
48.368273 47.522581 -1.524210 0
48.382222 47.223380 -1.524210 0
48.396171 46.924178 -1.524210 0
48.410120 46.624977 -1.524210 0
48.424068 46.325775 -1.524210 0
48.438017 46.026574 -1.524210 0
48.451966 45.727372 -1.524210 0
48.465915 45.428171 -1.524210 0
48.479864 45.128969 -1.524210 0
48.493813 44.829768 -1.524210 0
48.507761 44.530566 -1.524210 0
48.521710 44.231365 -1.524210 0
48.535659 43.932163 -1.524210 0
48.549608 43.632962 -1.524210 0
48.563557 43.333760 -1.524210 0
48.577505 43.034559 -1.524210 0
48.591454 42.735357 -1.524210 0
48.605403 42.436156 -1.524210 0
48.619352 42.136954 -1.524210 0
48.633301 41.837753 -1.524210 0
48.647249 41.538551 -1.524210 0
48.661198 41.239350 -1.524210 0
48.675147 40.940148 -1.524210 0
48.689096 40.640947 -1.524210 0
48.703045 40.341745 -1.524210 0
48.716994 40.042544 -1.524210 0
48.730942 39.743342 -1.524210 0
48.744891 39.444141 -1.524210 0
48.758840 39.144939 -1.524210 0
48.772789 38.845738 -1.524210 0
48.789813 38.546708 -1.496461 0
48.817643 38.248495 -1.459021 0
48.856617 37.951532 -1.421580 0
48.906015 37.652322 -1.402251 0
48.956887 37.353352 -1.402251 0
49.007760 37.054383 -1.402251 0
49.058632 36.755413 -1.402251 0
49.109504 36.456444 -1.402251 0
49.160377 36.157475 -1.402251 0
49.211249 35.858505 -1.402251 0
49.262122 35.559536 -1.402251 0
49.312994 35.260566 -1.402251 0
49.363866 34.961597 -1.402251 0
49.414739 34.662627 -1.402251 0
49.465611 34.363658 -1.402251 0
49.516484 34.064689 -1.402251 0
49.567356 33.765719 -1.402251 0
49.618228 33.466750 -1.402251 0
49.669101 33.167780 -1.402251 0
49.719973 32.868811 -1.402251 0
49.770846 32.569841 -1.402251 0
49.821718 32.270872 -1.402251 0
49.872590 31.971903 -1.402251 0
49.923463 31.672933 -1.402251 0
49.974335 31.373964 -1.402251 0
50.025208 31.074994 -1.402251 0
50.076080 30.776025 -1.402251 0
50.126952 30.477055 -1.402251 0
50.177825 30.178086 -1.402251 0
50.228697 29.879116 -1.402251 0
50.279569 29.580147 -1.402251 0
50.330442 29.281178 -1.402251 0
50.381314 28.982208 -1.402251 0
50.432187 28.683239 -1.402251 0
50.483059 28.384269 -1.402251 0
50.533931 28.085300 -1.402251 0
50.584804 27.786330 -1.402251 0
50.635676 27.487361 -1.402251 0
50.686549 27.188392 -1.402251 0
50.737421 26.889422 -1.402251 0
50.788293 26.590453 -1.402251 0
50.839166 26.291483 -1.402251 0
50.890038 25.992514 -1.402251 0
50.943635 25.694033 -1.375947 0
51.007978 25.397689 -1.338038 0
51.083506 25.103996 -1.300130 0
51.170110 24.813377 -1.262222 0
51.268161 24.524879 -1.224131 0
51.377128 24.240324 -1.186041 0
51.496852 23.960124 -1.147950 0
51.627159 23.684688 -1.109860 0
51.767861 23.414413 -1.071769 0
51.918753 23.149692 -1.033679 0
52.079616 22.890910 -0.995588 0
52.250218 22.638441 -0.957498 0
52.430310 22.392652 -0.919407 0
52.619594 22.153870 -0.884775 0
52.812626 21.918083 -0.884775 0
53.005657 21.682296 -0.884775 0
53.198689 21.446509 -0.884775 0
53.391721 21.210722 -0.884775 0
53.584752 20.974935 -0.884775 0
53.777784 20.739149 -0.884775 0
53.970815 20.503362 -0.884775 0
54.163847 20.267575 -0.884775 0
54.356878 20.031788 -0.884775 0
54.549910 19.796001 -0.884775 0
54.742941 19.560214 -0.884775 0
54.935973 19.324428 -0.884775 0
55.129004 19.088641 -0.884775 0
55.322036 18.852854 -0.884775 0
55.515068 18.617067 -0.884775 0
55.708099 18.381280 -0.884775 0
55.901131 18.145494 -0.884775 0
56.094162 17.909707 -0.884775 0
56.287194 17.673920 -0.884775 0
56.480225 17.438133 -0.884775 0
56.673257 17.202346 -0.884775 0
56.866288 16.966559 -0.884775 0
57.059320 16.730773 -0.884775 0
57.252352 16.494986 -0.884775 0
57.445383 16.259199 -0.884775 0
57.638415 16.023412 -0.884775 0
57.831446 15.787625 -0.884775 0
58.024478 15.551839 -0.884775 0
58.217509 15.316052 -0.884775 0
58.410541 15.080265 -0.884775 0
58.603572 14.844478 -0.884775 0
58.796604 14.608691 -0.884775 0
58.989636 14.372904 -0.884775 0
59.182667 14.137118 -0.884775 0
59.375699 13.901331 -0.884775 0
59.568730 13.665544 -0.884775 0
59.761762 13.429757 -0.884775 0
59.954793 13.193970 -0.884775 0
60.147825 12.958184 -0.884775 0
60.340856 12.722397 -0.884775 0
60.533888 12.486610 -0.884775 0
60.726920 12.250823 -0.884775 0
60.919951 12.015036 -0.884775 0
61.112983 11.779249 -0.884775 0
61.306014 11.543463 -0.884775 0
61.499046 11.307676 -0.884775 0
61.692077 11.071889 -0.884775 0
61.885109 10.836102 -0.884775 0
62.078278 10.600429 -0.878090 0
62.277300 10.369700 -0.840000 0
